2026-07-17 03:36:45
Day of week = 5
Week of year = 28
Value = 1
Run 1 of 1
5 2 5 0 0 1 2 3 4 5 4 3 2 1 0 1 2 3 4 5 4 3 2 1 0 0 0 0 0 0 0 0 0 0 0 0 0 1 2 3 4 5 4 3 2 1 0 1 2 0 5 2 5
0 5 0 0 1 2 3 4 5 4 3 2 1 0 0 0 1 2 3 4 5 4 3 2 1 0 0 0 0 0 0 0 0 0 0 0 1 2 3 4 5 4 3 2 1 0 0 0 1 0 0 5 0
5 2 5 0 2 3 4 5 4 3 2 1 0 0 0 0 0 1 2 3 4 5 4 3 2 1 0 0 0 0 0 0 0 0 0 1 2 3 4 5 4 3 2 1 0 0 0 0 0 0 5 2 5
0 5 0 0 3 4 5 4 3 2 1 0 0 0 0 0 0 0 1 2 3 4 5 4 3 2 1 0 0 0 0 0 0 0 1 2 3 4 5 4 3 2 1 0 0 0 0 0 0 0 0 5 0
5 2 5 0 4 5 4 3 2 1 0 0 0 0 0 0 0 0 0 1 2 3 4 5 4 3 2 1 0 0 0 0 0 1 2 3 4 5 4 3 2 1 0 0 0 0 0 0 0 0 5 2 5
0 5 0 0 5 4 3 2 1 0 0 0 0 0 0 0 0 0 0 0 1 2 3 4 5 4 3 2 1 0 0 0 1 2 3 4 5 4 3 2 1 0 0 0 0 0 0 0 0 0 0 5 0
5 2 5 0 4 3 2 1 0 0 0 0 0 0 0 0 0 0 0 0 0 1 2 3 4 5 4 3 2 1 0 1 2 3 4 5 4 3 2 1 0 0 0 0 0 0 0 0 0 1 5 2 5